490,2394,8148,21630
2340,5600,14342,35640
2275,5488,14140,35280
2210,5376,13938,34920
2145,5264,13736,34560
2080,5152,13534,34200
2015,5040,13332,33840
1950,4928,13130,33480
2436,4472,13440,31740,16256,92950,126876,209062,272296,117216,508200,718520,253056,1171079,1170596,1767810,559616,2403868,2701296,907136,3540240,4179483,4728680,5027018,1764096,6321450,7699848,8815392,2748032,9218201,3354240,11871574,12257696,15060639,15219488,5246080,19574280,18695101,22706444,22696518
-520,672,5454,19800
1755,4592,12524,32400
1690,4480,12322,32040
1625,4368,12120,31680
1560,4256,11918,31320
1495,4144,11716,30960
1430,4032,11514,30600
1365,3920,11312,30240
1300,3808,11110,29880
1235,3696,10908,29520
1170,3584,10706,29160
1105,3472,10504,28800
1264,3540,10302,27018,54264,75660,142680,180873,269568
970,2688,9090,26280
910,3136,9898,27720
845,3024,9696,27360
936,2730,9682,23400,51040,66120,116982,208684,253440,365040
380,1995,8240,21216,47792,60175,112908,171500,252904,392958
260,2016,7878,24120
585,2576,8888,25920
520,2464,8686,25560
455,2352,8484,25200
432,1940,2624,25047,46176,85410,37440,145831,278832,373248,543980,605495,763200,305344,1280314,1440765,547840,1463904,2798874,2902744
-1309,312,5808,4992,37932,65145
